	Dura	FFT	PCT	PFT	PP	PT
Dura	98.39869984	-0.593469627	-0.82240119	-0.593469627	-1.638658701	-0.593469627
FFT	-0.593469627	20.76405883	-0.82240119	-0.389531579	-1.638658701	-0.449125701
PCT	-0.82240119	-0.82240119	70.60200017	-0.82240119	-1.638658701	-0.82240119
PFT	-0.593469627	-0.389531579	-0.82240119	39.59184215	-1.638658701	-0.449125701
PP	-1.638658701	-1.638658701	-1.638658701	-1.638658701	69.18686487	-1.638658701
PT	-0.593469627	-0.449125701	-0.82240119	-0.449125701	-1.638658701	50.81249716