concor	220930_Blood	220930_Dura	220930_Tumor	221026_Blood	221026_Dura	221026_Tumor	221102_Blood	221102_Dura	221102_Tumor
220930_Blood	100	95.53	96.53	52.26	52.4	52.09	51.77	51.65	52.44
220930_Dura	95.53	100	95.04	52.22	52.55	52.3	51.96	52.08	51.43
220930_Tumor	96.53	95.04	100	52.02	52.2	51.89	51.59	51.48	52.15
221026_Blood	52.26	52.22	52.02	100	96.21	95.96	51.99	52.01	51.85
221026_Dura	52.4	52.55	52.2	96.21	100	96.13	52.15	52.2	51.94
221026_Tumor	52.09	52.3	51.89	95.96	96.13	100	51.88	51.84	51.59
221102_Blood	51.77	51.96	51.59	51.99	52.15	51.88	100	97.2	96.02
221102_Dura	51.65	52.08	51.48	52.01	52.2	51.84	97.2	100	95.78
221102_Tumor	52.44	51.43	52.15	51.85	51.94	51.59	96.02	95.78	100
