concor	190426_1	190426_2	190426_5	190426_6	190426_7	190426_8
190426_1	100	12.77	13.33	13.06	11.89	12.13
190426_2	12.77	100	12.21	11.51	14.14	13.32
190426_5	13.33	12.21	100	16.77	13.17	13.74
190426_6	13.06	11.51	16.77	100	12.32	13.13
190426_7	11.89	14.14	13.17	12.32	100	15.45
190426_8	12.13	13.32	13.74	13.13	15.45	100
